--- PAGE 1 ---
หองสง Assignment 3: Priority Queue : DATA STRUCTURE AND ALGORITHM 
ภาคเรียนที่ 1/2566 ตอนเรียนที่ 1 
จากรหัสประจําตัวของนักศึกษา 5 ตัวสุดทาย 
สมมติ ตัวแปรออบเจค a ตามโครงสรางคลาส BinaryHeap มีขนาด 8 ชอง 
จงใส รหัสประจําตัวของนักศึกษา ทีละตัวเขาไปในตัวแปร ออบเจค a 
ยกตัวอยางเชน 
รหัสประจําตัวของนักศึกษา 62060216 32050 
ใหนํา 32050 ทีละตัวเขาไปในตัวแปร ออบเจค a 
 
 
 
 
 
 
 
 
 
 
 
 
 
 
 
3
 
[0]
1
3
2
4 
5
6
7
8
 
 
3 
2 
 
 
[0]
1
3
2
4
5
6
7
8
 
2 
3
0
 
[0]
1
3
2
4
5
6
7
8
 
5 
2
3 
0 
 
 
[0]
1
3
2
4
5 
6
7
8
 
3
5
2
0
0
 
 
[0]
1 
3
2 
4
5
6
7 
8 
 
 
[0]
1
3
2
4
5 
6
7
8
 
 
 
[0] 
1
3
2
4
5
6
7
8